function J = compute_Neobotix_UR10e_jacobian_0(q)

q0 = q(1);
q1 = q(2);
q2 = q(3);
q3 = q(4);
q4 = q(5);
q5 = q(6);
q6 = q(7);
q7 = q(8);
q8 = q(9);

J(1,1) = 1;

J(2,1) = 0;

J(3,1) = 4967757600021511/81129638414606681695789005144064;

J(4,1) = 0;

J(5,1) = 0;

J(6,1) = 0;

