function T = compute_Neobotix_UR10e_direct_kinematic_1(q)

q0 = q(1);
q1 = q(2);
q2 = q(3);
q3 = q(4);
q4 = q(5);
q5 = q(6);
q6 = q(7);
q7 = q(8);
q8 = q(9);

T(1,1) = 1.0;

T(1,2) = 0;

T(1,3) = -0.00000000000000006123233995736766035868820147292;

T(1,4) = q0;

T(2,1) = 0;

T(2,2) = 1.0;

T(2,3) = 0;

T(2,4) = 1.0*q1;

T(3,1) = 0.00000000000000006123233995736766035868820147292;

T(3,2) = 0;

T(3,3) = 1.0;

T(3,4) = (4967757600021511*q0)/81129638414606681695789005144064;

T(4,1) = 0;

T(4,2) = 0;

T(4,3) = 0;

T(4,4) = 1.0;

